6.81859,80.0865
6.820150000000001,80.08676000000001
6.82066,80.08696
6.8214500000000005,80.08731
6.822080000000001,80.08759
6.822430000000001,80.08768
6.82364,80.08785
6.823830000000001,80.0879
6.824260000000001,80.08810000000001
6.824560000000001,80.08828000000001
6.824980000000001,80.08843
6.825730000000001,80.08864000000001
6.82615,80.08890000000001
6.82657,80.08908000000001
6.82671,80.08917000000001
6.827050000000001,80.08954
6.827470000000001,80.08991
6.82793,80.09028
6.829040000000001,80.09088000000001
6.82927,80.09100000000001
6.8295900000000005,80.09106000000001
6.83011,80.09115000000001
6.83096,80.09113
6.832050000000001,80.09119000000001
6.832580000000001,80.09127000000001
6.832820000000001,80.09140000000001
6.83328,80.09167000000001
6.83391,80.09218000000001
6.834600000000001,80.09278
6.834930000000001,80.0929
6.8350100000000005,80.0929
6.835780000000001,80.09286
6.837370000000001,80.09291
6.838750000000001,80.09314
6.839300000000001,80.09320000000001
6.839720000000001,80.09320000000001
6.839950000000001,80.09317
6.840380000000001,80.09304
6.840510000000001,80.09297000000001
6.841010000000001,80.09262000000001
6.8413,80.09252000000001
6.841430000000001,80.09242
6.8417900000000005,80.09197
6.842110000000001,80.09173000000001
6.8421400000000006,80.09178
6.842250000000001,80.09200000000001
6.84245,80.09251
6.842890000000001,80.09353
6.842960000000001,80.09382000000001
6.842790000000001,80.09509000000001
6.84255,80.09649
6.8424000000000005,80.09762
6.842410000000001,80.09866000000001
6.84231,80.09959
6.84222,80.10036000000001
6.842130000000001,80.10109000000001
6.842040000000001,80.10182
6.841900000000001,80.10255000000001
6.841760000000001,80.10345000000001
6.841730000000001,80.10394000000001
6.84144,80.10527
6.841200000000001,80.10611
6.840910000000001,80.10692
6.840440000000001,80.10799
6.840280000000001,80.10839
6.840190000000001,80.10877
6.84015,80.10903
6.839980000000001,80.11004000000001
6.83961,80.11169000000001
6.839460000000001,80.11218000000001
6.83919,80.11299000000001
6.8390200000000005,80.11336
6.838620000000001,80.11392000000001
6.838240000000001,80.11446000000001
6.83809,80.11472
6.8379900000000005,80.11496000000001
6.837940000000001,80.11517
6.837840000000001,80.11597
6.83776,80.11634000000001
6.837610000000001,80.11674000000001
6.837420000000001,80.11711000000001
6.837110000000001,80.11759
6.8364400000000005,80.11846000000001
6.83633,80.11866
6.83626,80.11893
6.836250000000001,80.11909
6.836290000000001,80.11966000000001
6.83628,80.11997000000001
6.836200000000001,80.12054
6.834960000000001,80.12064000000001
6.8347500000000005,80.12075
6.834490000000001,80.12078000000001
6.834230000000001,80.12081
6.8338600000000005,80.12089
6.83354,80.12095000000001
6.83342,80.12092000000001
6.83274,80.12067
6.832420000000001,80.12058
6.831810000000001,80.12063
6.831,80.12073000000001
6.83032,80.12069000000001
6.829860000000001,80.12059
6.829280000000001,80.12054
6.829020000000001,80.12066
6.82875,80.12086000000001
6.82845,80.12091000000001
6.828110000000001,80.12092000000001
6.827920000000001,80.12106
6.8269400000000005,80.12176000000001
6.8261400000000005,80.12229
6.825640000000001,80.12252000000001
6.824090000000001,80.12318
6.82333,80.12365000000001
6.82258,80.12411
6.822150000000001,80.12443
6.82178,80.12464000000001
6.821230000000001,80.12485000000001
6.8205100000000005,80.12506
6.819870000000001,80.12529
6.819280000000001,80.12559
6.818880000000001,80.12579000000001
6.818160000000001,80.12583000000001
6.81683,80.12599
6.816350000000001,80.12604
6.8159600000000005,80.12605
6.815410000000001,80.12603
6.81493,80.12606000000001
6.8144100000000005,80.12619000000001
6.81392,80.1264
6.8135200000000005,80.12654
6.813110000000001,80.12656000000001
6.8127,80.12650000000001
6.81245,80.12636
6.81202,80.12634000000001
6.81144,80.12641
6.81083,80.12643000000001
6.81017,80.12655000000001
6.80975,80.12667
6.809010000000001,80.12694
6.8086400000000005,80.12710000000001
6.808440000000001,80.12726
6.808280000000001,80.12757
6.80808,80.12779
6.807650000000001,80.12789000000001
6.80719,80.12790000000001
6.806820000000001,80.128
6.806220000000001,80.12827
6.805630000000001,80.12852000000001
6.8055,80.12857000000001
6.80543,80.12834000000001
6.805400000000001,80.12824
6.8055,80.12857000000001
6.80407,80.12918
6.80365,80.12945
6.803310000000001,80.12991000000001
6.803120000000001,80.13034
6.803050000000001,80.13043
6.8028900000000005,80.13062000000001
6.802180000000001,80.13109
6.80182,80.13164
6.801380000000001,80.13221
6.801270000000001,80.13229000000001
6.80083,80.13242000000001